每幅图像的标定误差：
第1幅图像的平均误差：0.447534像素
第2幅图像的平均误差：0.509366像素
第3幅图像的平均误差：0.460787像素
第4幅图像的平均误差：0.248068像素
第5幅图像的平均误差：0.422394像素
第6幅图像的平均误差：1.0018像素
第7幅图像的平均误差：0.432707像素
第8幅图像的平均误差：0.678191像素
第9幅图像的平均误差：1.24697像素
第10幅图像的平均误差：1.06717像素
第11幅图像的平均误差：0.714141像素
第12幅图像的平均误差：0.734282像素
第13幅图像的平均误差：0.356111像素
第14幅图像的平均误差：0.480871像素
总体平均误差：0.628599像素

相机内参数矩阵：
[972.9851489457715, 0, 568.404102571697;
 0, 964.5799518932632, 346.7343334118617;
 0, 0, 1]

畸变系数：
[-0.09095787834406992, 0.2739362119266039, -0.01270189707242891, -0.009318011782180046, -0.1261082582688507]


第1幅图像的旋转向量：
[32.3473699944703;
 -14.13680654020774;
 74.25091971816198]
第1幅图像的旋转矩阵：
[0.8822582434130515, -0.4692260943272485, -0.03804292749135824;
 0.450377329510168, 0.8648124335681673, -0.2219452991374086;
 0.1370425225723979, 0.1786793976604475, 0.97431669382121]
第1幅图像的平移向量：
[0.01829025207569835;
 -2.989496646242275;
 0.1171646165305686]

第2幅图像的旋转向量：
[28.98217318344811;
 -13.5978845914995;
 77.87381499744933]
第2幅图像的旋转矩阵：
[-0.5960730911910024, -0.6422687285494062, 0.4818586413934404;
 0.4409619887534766, -0.7633783862332929, -0.4720232662766024;
 0.6710062551367028, -0.06887902263666826, 0.7382454102857903]
第2幅图像的平移向量：
[-0.04734961476587728;
 -2.425396031728727;
 0.06800123245963799]

第3幅图像的旋转向量：
[29.4616922295482;
 -19.24330644092648;
 80.51963011199507]
第3幅图像的旋转矩阵：
[0.9962991447435159, 0.08328334038879566, 0.02125792551080329;
 -0.08389561097438276, 0.9960304050318427, 0.02974825560160798;
 -0.01869600605942055, -0.03142160826227027, 0.9993313473976679]
第3幅图像的平移向量：
[-0.04248368098072227;
 -2.827080017093869;
 0.1044481921520365]

第4幅图像的旋转向量：
[5.441468376074889;
 -21.41994238822328;
 123.9453772677866]
第4幅图像的旋转矩阵：
[0.972199122067796, -0.2309371995083903, -0.0386894938430145;
 0.2305275791254583, 0.9729533129442701, -0.01479479953648026;
 0.04105974078294068, 0.005464495767315686, 0.9991417501900552]
第4幅图像的平移向量：
[0.07554608962444258;
 3.001168848944478;
 -0.2439768161702631]

第5幅图像的旋转向量：
[22.59982322708663;
 -13.57815566158445;
 91.69014925328413]
第5幅图像的旋转矩阵：
[0.4350507075860033, -0.9003865381258935, 0.005913018737245174;
 0.8600295419059778, 0.4135885127011377, -0.2988205635672605;
 0.266608456126043, 0.1350874684170594, 0.954290997022794]
第5幅图像的平移向量：
[-0.03292484998302012;
 -3.045335374960624;
 0.3690002483316113]

第6幅图像的旋转向量：
[23.241381884341;
 -16.60869628501563;
 66.28819042915238]
第6幅图像的旋转矩阵：
[-0.7901051060577354, -0.2171146316036964, 0.573232202623933;
 -0.07881717753351099, -0.8914222065105696, -0.4462670750408083;
 0.6078830265002845, -0.3977784389373293, 0.687204874553023]
第6幅图像的平移向量：
[-0.1276214328962294;
 -2.001635361393585;
 0.1694309976219563]

第7幅图像的旋转向量：
[33.45658649240841;
 -15.93748495857103;
 87.80158163785021]
第7幅图像的旋转矩阵：
[0.5563053798227178, -0.8307770961404251, 0.01826857708702961;
 0.7713571503473315, 0.5080897888446982, -0.3832139259992963;
 0.3090832751676251, 0.2272755662191451, 0.9234789364200037]
第7幅图像的平移向量：
[-0.02125023783586318;
 -2.906297788275515;
 0.1560880197562096]

第8幅图像的旋转向量：
[25.24221958408193;
 -17.4354737604917;
 73.09239580987749]
第8幅图像的旋转矩阵：
[-0.5683634176301071, 0.4924849950284527, 0.6591066341432541;
 -0.7369738778116356, -0.660905401497713, -0.1416811691595856;
 0.3658312847790697, -0.5662707655733004, 0.7385830292756014]
第8幅图像的平移向量：
[-0.1471429271053504;
 -2.42233130874039;
 0.3026232697821508]

第9幅图像的旋转向量：
[30.63717762657125;
 -7.693406480558656;
 77.19443401644858]
第9幅图像的旋转矩阵：
[0.001147989849500292, -0.9534972565728388, 0.3013995086714235;
 0.875256293558256, -0.1448164273560597, -0.4614700672356671;
 0.4836580431523593, 0.2643315797930644, 0.8343882269172624]
第9幅图像的平移向量：
[-0.08164420035132344;
 -2.821242105331023;
 -0.9848838885460806]

第10幅图像的旋转向量：
[32.92546746882265;
 -16.44453022699861;
 107.5480513454751]
第10幅图像的旋转矩阵：
[0.8533573878386163, -0.5201740674998252, -0.0346425767220154;
 0.5067587257667931, 0.8432773227640118, -0.1791059763692349;
 0.1223795835933005, 0.1352859801038083, 0.98321968100058]
第10幅图像的平移向量：
[-0.008046016691463778;
 -2.696139190291451;
 1.134109499457177]

第11幅图像的旋转向量：
[28.88473923762468;
 -13.44575933690075;
 73.22085498422533]
第11幅图像的旋转矩阵：
[-0.091071623538724, 0.8100997988957154, 0.5791755133076175;
 -0.9630197287999774, -0.219734215223639, 0.1559162486788;
 0.2535723985926678, -0.5435578998498438, 0.8001536403608922]
第11幅图像的平移向量：
[0.08113975141320835;
 -2.83530880974348;
 0.42909232100695]

第12幅图像的旋转向量：
[30.5607515941451;
 -14.71289713001158;
 72.16644805679064]
第12幅图像的旋转矩阵：
[-0.1623131858147784, 0.7471466323008283, 0.6445357550611043;
 -0.9398363022577146, -0.3160515228428976, 0.1296887036993999;
 0.3006029851302253, -0.584707914047874, 0.7534948577001576]
第12幅图像的平移向量：
[0.04089918149846538;
 -2.874648569730395;
 0.4789190625864894]

第13幅图像的旋转向量：
[26.32617674656976;
 -13.86439507592926;
 103.5888982223026]
第13幅图像的旋转矩阵：
[0.596528143446576, -0.8025773311596195, -0.004878686799093562;
 0.7756126836838481, 0.5780277759020581, -0.2535919067999988;
 0.2063471322430248, 0.1474907379953825, 0.9672989937039411]
第13幅图像的平移向量：
[0.005818604940957956;
 3.087689022162112;
 -0.5041431980542668]

第14幅图像的旋转向量：
[33.10279947943881;
 -14.00027375126251;
 71.39077974749593]
第14幅图像的旋转矩阵：
[0.02088008385930121, 0.7925643918601996, 0.6094306415444668;
 -0.9640366494551454, -0.1455771433360942, 0.2223524990761275;
 0.2649478450663932, -0.5921562125768624, 0.7610214578455063]
第14幅图像的平移向量：
[-0.03691267814965674;
 -2.612004519143929;
 0.1001825087643577]


